{
 "format": 3,
 "skeleton": "Bip01/38bones",
 "source": "rvi_scientist_v1sc_my_pose_good.psk",
 "learned": "2026-07-02",
 "status": "active",
 "bones": [
  "Bip01",
  "Bip01 Pelvis",
  "Bip01 L Leg",
  "Bip01 L Leg1",
  "Bip01 L Foot",
  "Bip01 L Toe0",
  "Bip01 R Leg",
  "Bip01 R Leg1",
  "Bip01 R Foot",
  "Bip01 R Toe0",
  "Bip01 Spine",
  "Bip01 Spine1",
  "Bip01 Spine2",
  "Bip01 Spine3",
  "Bip01 Neck",
  "Bip01 L Arm",
  "Bip01 L Arm1",
  "Bip01 L Arm2",
  "Bip01 L Hand",
  "Bip01 L Finger0",
  "Bip01 L Finger01",
  "Bip01 L Finger02",
  "Bip01 L Finger1",
  "Bip01 L Finger11",
  "Bip01 L Finger12",
  "Bip01 R Arm",
  "Bip01 R Arm1",
  "Bip01 R Arm2",
  "Bip01 R Hand",
  "Bip01 R Finger0",
  "Bip01 R Finger01",
  "Bip01 R Finger02",
  "Bip01 R Finger1",
  "Bip01 R Finger11",
  "Bip01 R Finger12",
  "Bip01 Head",
  "Dummy08",
  "Bone02"
 ],
 "parent": [
  -1,
  0,
  1,
  2,
  3,
  4,
  1,
  6,
  7,
  8,
  1,
  10,
  11,
  12,
  13,
  14,
  15,
  16,
  17,
  18,
  19,
  20,
  18,
  22,
  23,
  14,
  25,
  26,
  27,
  28,
  29,
  30,
  28,
  32,
  33,
  14,
  35,
  36
 ],
 "pose_local": [
  [
   [
    -2.992076075791772e-08,
    2.4927201334257225e-06,
    0.9999999999968928,
    0.0
   ],
   [
    -5.216257848662792e-07,
    -0.9999999999967569,
    2.4927201175353e-06,
    0.0
   ],
   [
    0.9999999999998637,
    -5.216257102950081e-07,
    2.9922060726268e-08,
    0.0
   ],
   [
    0.0,
    0.0,
    0.0,
    1.0
   ]
  ],
  [
   [
    3.13916478589249e-07,
    -5.667131135670503e-17,
    0.9999999999999508,
    0.2338665984837777
   ],
   [
    0.9999999999991472,
    1.267590795046722e-06,
    -3.139164787621692e-07,
    39.52610713298372
   ],
   [
    -1.267590794995437e-06,
    0.9999999999991963,
    3.979580945043328e-13,
    -0.36823454830776553
   ],
   [
    0.0,
    0.0,
    0.0,
    1.0
   ]
  ],
  [
   [
    0.999969602637069,
    2.069895574346956e-05,
    0.007797010543475529,
    -5.843386235743209e-06
   ],
   [
    -1.9394779188246586e-05,
    0.9999999858102813,
    -0.00016734180419242567,
    -1.2807386123945413e-06
   ],
   [
    -0.0077970138966387435,
    0.00016718549614505061,
    0.9999695888492337,
    4.943460531592336e-06
   ],
   [
    0.0,
    0.0,
    0.0,
    1.0
   ]
  ],
  [
   [
    0.9999999999999898,
    9.572512703015427e-08,
    -1.0709441807852938e-07,
    -1.0919696993738626e-05
   ],
   [
    -9.572509898035125e-08,
    0.9999999999999615,
    2.61916547655004e-07,
    -7.711609835148181e-07
   ],
   [
    1.0709444315052003e-07,
    -2.6191653734911346e-07,
    0.9999999999999599,
    -7.637329231258152e-07
   ],
   [
    0.0,
    0.0,
    0.0,
    1.0
   ]
  ],
  [
   [
    0.9999999999998046,
    2.488975466583975e-07,
    5.735974731979381e-07,
    3.442068130965481e-06
   ],
   [
    -2.488977013019389e-07,
    0.9999999999999328,
    2.696028430853886e-07,
    2.2710381593071816e-06
   ],
   [
    -5.735974060944134e-07,
    -2.696029857556769e-07,
    0.9999999999997993,
    8.2902883902225e-07
   ],
   [
    0.0,
    0.0,
    0.0,
    1.0
   ]
  ],
  [
   [
    0.9999999999990359,
    -1.164300233592618e-07,
    -1.383717937966368e-06,
    -4.452725025139159e-06
   ],
   [
    1.1643066054592809e-07,
    0.9999999999998871,
    4.6048876702246315e-07,
    4.4237743308528366e-06
   ],
   [
    1.383717884351494e-06,
    -4.604889281694872e-07,
    0.9999999999989366,
    4.142956385067009e-06
   ],
   [
    0.0,
    0.0,
    0.0,
    1.0
   ]
  ],
  [
   [
    0.9996897254541595,
    8.102575266521191e-05,
    -0.024908758624528383,
    -1.1980640751835248e-05
   ],
   [
    -6.585576549218155e-05,
    0.999999811877905,
    0.0006098419245616637,
    2.907561758603086e-06
   ],
   [
    0.024908803351541466,
    -0.0006080123207688084,
    0.9996895427264467,
    4.893220255652864e-07
   ],
   [
    0.0,
    0.0,
    0.0,
    1.0
   ]
  ],
  [
   [
    0.999999999999936,
    -5.267201456277499e-08,
    3.5408902028341453e-07,
    -1.1259691632403701e-06
   ],
   [
    5.267185921846916e-08,
    0.9999999999999025,
    4.3871539403135983e-07,
    2.4244473100232256e-06
   ],
   [
    -3.5408904339140353e-07,
    -4.38715375381157e-07,
    0.9999999999998412,
    1.125448400696172e-06
   ],
   [
    0.0,
    0.0,
    0.0,
    1.0
   ]
  ],
  [
   [
    0.9999999999992608,
    2.9929642529047263e-07,
    -1.1784538162095532e-06,
    -4.3299800829288415e-06
   ],
   [
    -2.9929702523931793e-07,
    0.9999999999998256,
    -5.09098165925359e-07,
    2.9503963134835942e-06
   ],
   [
    1.1784536638380863e-06,
    5.090985185548889e-07,
    0.9999999999991761,
    2.1629321577676386e-06
   ],
   [
    0.0,
    0.0,
    0.0,
    1.0
   ]
  ],
  [
   [
    0.9999999999999036,
    -4.377805264951368e-07,
    -3.862296689078682e-08,
    3.5729125968941844e-07
   ],
   [
    4.3778052221648895e-07,
    0.999999999999898,
    -1.1077982409538119e-07,
    -2.075909377285967e-06
   ],
   [
    3.862301538803258e-08,
    1.10779807137642e-07,
    0.9999999999999932,
    -6.065935713728265e-07
   ],
   [
    0.0,
    0.0,
    0.0,
    1.0
   ]
  ],
  [
   [
    0.9999999999996658,
    8.075726778060422e-07,
    1.28092820604429e-07,
    1.0231612709299398e-05
   ],
   [
    -8.075726325796833e-07,
    0.9999999999996115,
    -3.530745520415e-07,
    7.46953556562957e-07
   ],
   [
    -1.2809310573774065e-07,
    3.5307444866836057e-07,
    0.9999999999999295,
    -8.321445823133823e-07
   ],
   [
    0.0,
    0.0,
    0.0,
    1.0
   ]
  ],
  [
   [
    0.9999999999998703,
    -5.074430379534554e-07,
    -4.563212712824839e-08,
    -9.977345456491094e-07
   ],
   [
    5.074430559235915e-07,
    0.9999999999997936,
    3.9380532977541774e-07,
    2.743134324079133e-06
   ],
   [
    4.563192729446608e-08,
    -3.93805352936901e-07,
    0.9999999999999214,
    3.2646243597334035e-08
   ],
   [
    0.0,
    0.0,
    0.0,
    1.0
   ]
  ],
  [
   [
    0.9999999999999609,
    -1.2679310697574337e-07,
    -2.4973171984936117e-07,
    5.262502167369121e-06
   ],
   [
    1.267930913027307e-07,
    0.9999999999999898,
    -6.275941389422019e-08,
    -7.814213603962727e-08
   ],
   [
    2.497317278068198e-07,
    6.275938223114972e-08,
    0.9999999999999669,
    -9.047064115363934e-07
   ],
   [
    0.0,
    0.0,
    0.0,
    1.0
   ]
  ],
  [
   [
    0.999999999999992,
    6.997665429249078e-08,
    1.063495418075212e-07,
    -1.1942098057105e-06
   ],
   [
    -6.997664908385298e-08,
    0.9999999999999966,
    -4.897659182409557e-08,
    -7.540050149384969e-07
   ],
   [
    -1.0634954523473885e-07,
    4.8976584382410496e-08,
    0.9999999999999931,
    -3.8334234087056274e-07
   ],
   [
    0.0,
    0.0,
    0.0,
    1.0
   ]
  ],
  [
   [
    1.0,
    -6.64519774077285e-17,
    8.325191174541813e-23,
    7.105427357601002e-15
   ],
   [
    6.645197740772848e-17,
    1.0000000000000002,
    1.2598402778172614e-21,
    -3.552713678800501e-15
   ],
   [
    -8.325191174541823e-23,
    -4.34225616684016e-22,
    1.0,
    -5.082197683525802e-21
   ],
   [
    0.0,
    0.0,
    0.0,
    1.0
   ]
  ],
  [
   [
    1.0,
    1.1288547749198291e-19,
    1.8495638523801467e-17,
    -8.881784197001252e-16
   ],
   [
    -1.1288547749198197e-19,
    0.9999999999999998,
    -1.5782298560838543e-16,
    -6.938893903907228e-17
   ],
   [
    -1.849563852380147e-17,
    4.55356557157328e-17,
    1.0,
    -4.440892098500626e-16
   ],
   [
    0.0,
    0.0,
    0.0,
    1.0
   ]
  ],
  [
   [
    0.1111930426426131,
    -0.014924790194639258,
    -0.9936867503924582,
    -5.619429276793042e-06
   ],
   [
    0.13756018046891896,
    0.9904932763030923,
    0.0005160888726543528,
    1.6654640565966217e-07
   ],
   [
    0.9842323424970529,
    -0.13674911420558467,
    0.11218901794182701,
    6.125195435302544e-06
   ],
   [
    0.0,
    0.0,
    0.0,
    1.0
   ]
  ],
  [
   [
    0.9999999999998519,
    -3.768105902656612e-07,
    3.928470706354397e-07,
    -1.3282598292363446e-06
   ],
   [
    3.76810412971997e-07,
    0.9999999999998274,
    4.5130451054019524e-07,
    -4.6432178830713156e-06
   ],
   [
    -3.928472406916908e-07,
    -4.5130436222686043e-07,
    0.9999999999998209,
    -9.51873036747486e-06
   ],
   [
    0.0,
    0.0,
    0.0,
    1.0
   ]
  ],
  [
   [
    0.9999999999987375,
    -1.5623416266883475e-06,
    2.9036678915923756e-07,
    4.037136767109928e-06
   ],
   [
    1.5623419821829298e-06,
    0.99999999999803,
    -1.2242987161634647e-06,
    6.406794636211032e-08
   ],
   [
    -2.903648763858181e-07,
    1.2242991698432216e-06,
    0.9999999999992084,
    -3.5780595852852315e-07
   ],
   [
    0.0,
    0.0,
    0.0,
    1.0
   ]
  ],
  [
   [
    0.999999999936078,
    6.89447311258451e-06,
    8.961626321904204e-06,
    -1.180086032137595e-05
   ],
   [
    -6.89450539251781e-06,
    0.9999999999697455,
    3.6019914258757153e-06,
    -5.369495854307127e-06
   ],
   [
    -8.961601487800039e-06,
    -3.6020532116342553e-06,
    0.9999999999533574,
    1.8218188693186477e-06
   ],
   [
    0.0,
    0.0,
    0.0,
    1.0
   ]
  ],
  [
   [
    1.0,
    -5.3062073840792746e-17,
    -4.10120155476137e-17,
    3.552713678800501e-15
   ],
   [
    5.306207384079275e-17,
    1.0,
    2.3732024842606673e-16,
    -1.776356839400251e-15
   ],
   [
    4.101201554761369e-17,
    -2.28097576367381e-16,
    1.0,
    3.552713678800501e-15
   ],
   [
    0.0,
    0.0,
    0.0,
    1.0
   ]
  ],
  [
   [
    0.9999999999966023,
    7.173311915600399e-07,
    2.5062678458351094e-06,
    6.5274908749302085e-06
   ],
   [
    -7.173565589868607e-07,
    0.9999999999485192,
    1.012160825254021e-05,
    1.0499066435798458e-05
   ],
   [
    -2.5062605851607767e-06,
    -1.0121610050504237e-05,
    0.9999999999456359,
    3.3145250952770766e-05
   ],
   [
    0.0,
    0.0,
    0.0,
    1.0
   ]
  ],
  [
   [
    0.9999999999985261,
    -1.7166708156901268e-06,
    3.074877889565154e-08,
    -1.1998028108362035e-05
   ],
   [
    1.716670854003089e-06,
    0.9999999999977505,
    -1.2460428001408561e-06,
    -1.1101728037310465e-05
   ],
   [
    -3.074663985027214e-08,
    1.24604285322112e-06,
    0.9999999999992233,
    -2.9261143535130874e-06
   ],
   [
    0.0,
    0.0,
    0.0,
    1.0
   ]
  ],
  [
   [
    1.0,
    -4.190980210894158e-17,
    -7.845897496006579e-20,
    2.220446049250313e-16
   ],
   [
    4.190980210894158e-17,
    1.0,
    3.980306784801702e-17,
    0.0
   ],
   [
    7.845897496006495e-20,
    -4.4748983751511973e-17,
    1.0000000000000002,
    4.440892098500626e-16
   ],
   [
    0.0,
    0.0,
    0.0,
    1.0
   ]
  ],
  [
   [
    0.9999999999963034,
    2.6402834322508704e-06,
    6.501982129265941e-07,
    5.4973227123777946e-06
   ],
   [
    -2.6402845557870642e-06,
    0.9999999999950211,
    1.7279954863742799e-06,
    -6.652413180596728e-06
   ],
   [
    -6.501936505255038e-07,
    -1.7279972033872966e-06,
    0.9999999999982955,
    4.360568961025989e-06
   ],
   [
    0.0,
    0.0,
    0.0,
    1.0
   ]
  ],
  [
   [
    1.0,
    -1.452847994463985e-17,
    -6.830754991885062e-18,
    0.0
   ],
   [
    1.4528479944639854e-17,
    0.9999999999999999,
    -1.5215292110896492e-17,
    -8.326672684688674e-17
   ],
   [
    6.8307549918850644e-18,
    1.789378941474549e-16,
    0.9999999999999999,
    0.0
   ],
   [
    0.0,
    0.0,
    0.0,
    1.0
   ]
  ],
  [
   [
    0.08942839398955793,
    -0.012635383042015152,
    0.9959131033598415,
    1.1600466243155694e-06
   ],
   [
    0.12652332601313887,
    0.9919628771593825,
    0.0012240556577507503,
    5.916638679964725e-07
   ],
   [
    -0.987924293821658,
    0.12589677292552764,
    0.09030831768955018,
    -1.3116711585325902e-05
   ],
   [
    0.0,
    0.0,
    0.0,
    1.0
   ]
  ],
  [
   [
    0.9999999999999047,
    -2.066903170496293e-07,
    -3.8438264773238653e-07,
    5.152970494748388e-08
   ],
   [
    2.0668996041334262e-07,
    0.9999999999995483,
    -9.278155897082296e-07,
    8.01463857058593e-07
   ],
   [
    3.8438283950271123e-07,
    9.278155102338094e-07,
    0.9999999999994956,
    6.514095730381087e-06
   ],
   [
    0.0,
    0.0,
    0.0,
    1.0
   ]
  ],
  [
   [
    0.9999999999986451,
    1.6177978098380692e-06,
    3.0412023953833377e-07,
    -2.1600395871956835e-06
   ],
   [
    -1.6177981676871682e-06,
    0.9999999999979992,
    1.1766732286662522e-06,
    5.372743910355099e-06
   ],
   [
    -3.0411833591835306e-07,
    -1.1766737207018776e-06,
    0.9999999999992615,
    -9.931429520992907e-07
   ],
   [
    0.0,
    0.0,
    0.0,
    1.0
   ]
  ],
  [
   [
    1.0,
    -5.722979594920204e-17,
    1.205646038162378e-16,
    -9.325873406851315e-15
   ],
   [
    5.722979594920201e-17,
    1.0000000000000004,
    -4.010322083659485e-16,
    -5.662137425588298e-15
   ],
   [
    -1.2056460381623776e-16,
    -4.44164842976484e-17,
    1.0000000000000002,
    2.3314683517128287e-15
   ],
   [
    0.0,
    0.0,
    0.0,
    1.0
   ]
  ],
  [
   [
    1.0,
    2.696298266720069e-18,
    -1.0310670138426313e-17,
    3.9968028886505635e-15
   ],
   [
    -2.69629826672007e-18,
    1.0000000000000002,
    6.895531522980203e-18,
    -2.6645352591003765e-15
   ],
   [
    1.0310670138426313e-17,
    1.1445608113621446e-16,
    1.0,
    3.5527136788005e-15
   ],
   [
    0.0,
    0.0,
    0.0,
    1.0
   ]
  ],
  [
   [
    0.9999999996759217,
    -2.269889227561399e-05,
    -1.1528967292374129e-05,
    -4.024548694303576e-07
   ],
   [
    2.2698788297692346e-05,
    0.9999999997017124,
    -9.018891665892403e-06,
    -3.319714773120098e-05
   ],
   [
    1.1529172007785549e-05,
    9.018629969499723e-06,
    0.9999999998928714,
    -1.5389282690847494e-05
   ],
   [
    0.0,
    0.0,
    0.0,
    1.0
   ]
  ],
  [
   [
    0.99999999999994,
    2.302085376271286e-07,
    -2.5975575071502184e-07,
    6.4853605388215385e-06
   ],
   [
    -2.3020944650193306e-07,
    0.9999999999938521,
    -3.4989647136851655e-06,
    1.0191157977734733e-05
   ],
   [
    2.5975494522187496e-07,
    3.4989647734427017e-06,
    0.999999999993845,
    -2.028130540177031e-07
   ],
   [
    0.0,
    0.0,
    0.0,
    1.0
   ]
  ],
  [
   [
    1.0,
    -6.692787044944724e-17,
    7.519813156077878e-19,
    -8.881784197001252e-15
   ],
   [
    6.692787044944725e-17,
    0.9999999999999999,
    7.033188461602876e-17,
    -4.440892098500626e-15
   ],
   [
    -7.51981315607787e-19,
    -3.859182380752972e-17,
    0.9999999999999999,
    1.9721522630525295e-31
   ],
   [
    0.0,
    0.0,
    0.0,
    1.0
   ]
  ],
  [
   [
    0.9999999999952092,
    2.9361772849909025e-06,
    9.802045872218629e-07,
    -3.0346332042796575e-06
   ],
   [
    -2.9361809253599167e-06,
    0.999999999988793,
    3.713906158703521e-06,
    -6.936398192713968e-06
   ],
   [
    -9.801936825239758e-07,
    -3.713909036706647e-06,
    0.999999999992623,
    -2.8784282366522973e-06
   ],
   [
    0.0,
    0.0,
    0.0,
    1.0
   ]
  ],
  [
   [
    0.9999999999999907,
    -1.2587098595751307e-07,
    5.411213412413213e-08,
    -2.3182240025398926e-06
   ],
   [
    1.258709767191674e-07,
    0.9999999999999774,
    1.7072592297238816e-07,
    7.108239616360201e-07
   ],
   [
    -5.411215561357117e-08,
    -1.7072591616416153e-07,
    0.9999999999999839,
    8.457580183418578e-08
   ],
   [
    0.0,
    0.0,
    0.0,
    1.0
   ]
  ],
  [
   [
    1.0,
    -1.0182669859900369e-16,
    -1.665038234914719e-22,
    -3.885780586188048e-15
   ],
   [
    1.0182669859900368e-16,
    1.0,
    1.0134992782086886e-21,
    1.3655743202889425e-14
   ],
   [
    1.6650382349147179e-22,
    -6.805666162893909e-22,
    1.0,
    0.0
   ],
   [
    0.0,
    0.0,
    0.0,
    1.0
   ]
  ],
  [
   [
    0.9999999999999931,
    -1.04234635866464e-07,
    -5.5472944269655684e-08,
    -2.7827972375327192e-06
   ],
   [
    1.0423458375841667e-07,
    0.999999999999553,
    -9.393408304403128e-07,
    -1.7613443077379998e-06
   ],
   [
    5.547304218148032e-08,
    9.39340824674723e-07,
    0.9999999999995574,
    -3.2125739432564693e-07
   ],
   [
    0.0,
    0.0,
    0.0,
    1.0
   ]
  ]
 ],
 "rest_local": [
  [
   [
    1.267590794995499e-06,
    0.9999999999991966,
    0.0,
    0.23384900391101837
   ],
   [
    -0.9999999999991966,
    1.267590794995499e-06,
    -0.0,
    0.3681640028953552
   ],
   [
    -0.0,
    0.0,
    1.0,
    39.526119232177734
   ],
   [
    0.0,
    0.0,
    0.0,
    1.0
   ]
  ],
  [
   [
    3.1391647870027123e-07,
    0.9999999999991472,
    -1.2675907949954988e-06,
    0.0
   ],
   [
    1.110223024625627e-16,
    1.2675907949954992e-06,
    0.9999999999991966,
    0.0
   ],
   [
    0.9999999999999507,
    -3.1391647864476013e-07,
    3.977929097231936e-13,
    0.0
   ],
   [
    0.0,
    0.0,
    0.0,
    1.0
   ]
  ],
  [
   [
    -0.9994292783601507,
    0.021524466917720905,
    0.026034878152523998,
    -4.999999873689376e-06
   ],
   [
    0.02146364905590077,
    0.9997662140322173,
    -0.002613244897038609,
    7.000000096013537e-06
   ],
   [
    -0.02608504026667322,
    -0.002052949973746729,
    -0.9996576194231163,
    3.713254928588867
   ],
   [
    0.0,
    0.0,
    0.0,
    1.0
   ]
  ],
  [
   [
    0.9926278296522525,
    0.121202276380678,
    -3.7343343508740245e-18,
    18.045721054077145
   ],
   [
    -0.121202276380678,
    0.9926278296522527,
    -2.780341876639139e-19,
    5.551115123125783e-17
   ],
   [
    -1.5572190792504611e-18,
    -1.8756180794237887e-19,
    0.9999999999999999,
    0.0
   ],
   [
    0.0,
    0.0,
    0.0,
    1.0
   ]
  ],
  [
   [
    0.9946702335132798,
    -0.09986792829481418,
    0.025642220277103032,
    17.597597122192386
   ],
   [
    0.09976676014492356,
    0.9949972732482202,
    0.0051980572132209035,
    4.440892098500626e-16
   ],
   [
    -0.026033058460790025,
    -0.0026121115421207904,
    0.9996576697752427,
    -4.440892098500626e-16
   ],
   [
    0.0,
    0.0,
    0.0,
    1.0
   ]
  ],
  [
   [
    3.1391647881129353e-07,
    -0.9999999999999507,
    -3.325311001400364e-23,
    3.793090105056763
   ],
   [
    0.9999999999999507,
    3.139164788112936e-07,
    4.750517232813202e-23,
    6.407220840454102
   ],
   [
    -3.1555579023876246e-23,
    -2.45021157450901e-22,
    1.0,
    0.0
   ],
   [
    0.0,
    0.0,
    0.0,
    1.0
   ]
  ],
  [
   [
    -0.9995505999535417,
    0.024489813673956282,
    -0.01728719638142041,
    4.999999873689376e-06
   ],
   [
    0.024442428789973433,
    0.9996968953316792,
    0.002947055996916239,
    -3.000000106112566e-06
   ],
   [
    0.01735412940374622,
    0.0025231905232831545,
    -0.9998462220272782,
    -3.7132549285888667
   ],
   [
    0.0,
    0.0,
    0.0,
    1.0
   ]
  ],
  [
   [
    0.9918763933721151,
    0.12720542547833913,
    3.578273944242577e-19,
    18.045724868774418
   ],
   [
    -0.12720542547833907,
    0.991876393372115,
    -6.941929575444738e-20,
    1.1102230246251565e-16
   ],
   [
    2.4001539619689055e-18,
    -3.250702764911826e-19,
    0.9999999999999999,
    0.0
   ],
   [
    0.0,
    0.0,
    0.0,
    1.0
   ]
  ],
  [
   [
    0.9945458733137876,
    -0.10292296580647188,
    -0.01689286784755845,
    17.59759712219238
   ],
   [
    0.10285730964472593,
    0.9946849567753513,
    -0.004712814176919388,
    0.0
   ],
   [
    0.017288138337143724,
    0.002949554952366139,
    0.9998461983717389,
    0.0
   ],
   [
    0.0,
    0.0,
    0.0,
    1.0
   ]
  ],
  [
   [
    3.1391647881129353e-07,
    -0.9999999999999507,
    1.2943329374800009e-22,
    3.7930901050567627
   ],
   [
    0.9999999999999508,
    3.139164788112937e-07,
    3.2913170392351346e-24,
    6.4072208404541025
   ],
   [
    2.5692475390002743e-24,
    2.532630613108204e-23,
    1.0,
    -4.440892098500626e-16
   ],
   [
    0.0,
    0.0,
    0.0,
    1.0
   ]
  ],
  [
   [
    0.9934879731662284,
    -0.11393703160939053,
    -1.4492360959555307e-06,
    1.2936700582504272
   ],
   [
    0.11393703161421902,
    0.993487973159233,
    3.860014851297358e-06,
    0.6844779849052429
   ],
   [
    9.999999974750758e-07,
    -3.999999989888305e-06,
    0.9999999999915,
    -9.999999974752427e-07
   ],
   [
    0.0,
    0.0,
    0.0,
    1.0
   ]
  ],
  [
   [
    0.9975665027884898,
    0.06972139208551094,
    7.665041227525502e-23,
    5.309685230255127
   ],
   [
    -0.06972139208551094,
    0.9975665027884899,
    2.665005092761459e-23,
    -0.0038340000901380122
   ],
   [
    -1.9715971404116085e-23,
    1.2578283951639142e-22,
    1.0,
    0.0
   ],
   [
    0.0,
    0.0,
    0.0,
    1.0
   ]
  ],
  [
   [
    0.9954009038249746,
    0.09579687189268467,
    3.1304783802212636e-22,
    4.826789855957031
   ],
   [
    -0.09579687189268467,
    0.9954009038249747,
    -1.5816517645858942e-22,
    -0.00459099980071187
   ],
   [
    -9.531804817871767e-23,
    4.746373342902361e-24,
    1.0,
    2.7755575615628914e-17
   ],
   [
    0.0,
    0.0,
    0.0,
    1.0
   ]
  ],
  [
   [
    0.9998478572961953,
    -0.01744311498003035,
    4.25689760282712e-22,
    5.792767047882073
   ],
   [
    0.017443114980030344,
    0.9998478572961955,
    2.4870512548585058e-24,
    -0.005303999874740839
   ],
   [
    -1.427698052793218e-23,
    -1.0849938863503747e-22,
    1.0,
    0.0
   ],
   [
    0.0,
    0.0,
    0.0,
    1.0
   ]
  ],
  [
   [
    0.8911149625840302,
    -0.4537776145405017,
    -8.911149603344782e-07,
    6.662316799163811
   ],
   [
    0.4537776145402747,
    0.8911149625844758,
    -4.5377761339474774e-07,
    -0.0014530000044032931
   ],
   [
    9.999999974750758e-07,
    3.1272357514924635e-23,
    0.9999999999995001,
    -2.7755575615628914e-17
   ],
   [
    0.0,
    0.0,
    0.0,
    1.0
   ]
  ],
  [
   [
    -0.1769659844108965,
    -0.4544870938586056,
    0.8729974352066794,
    -3.1120240688324046
   ],
   [
    0.0902899018367988,
    -0.8907533224794743,
    -0.4454281671808354,
    1.5172539949417079
   ],
   [
    0.9800667191511929,
    -2.781360909753783e-06,
    0.19866863367044268,
    4.3419108390808105
   ],
   [
    0.0,
    0.0,
    0.0,
    1.0
   ]
  ],
  [
   [
    0.30372104143164835,
    -0.0069298980350546,
    0.9527358004740343,
    4.827229976654052
   ],
   [
    0.034675898256194736,
    0.9993914427004299,
    -0.0037850148321654687,
    0.0
   ],
   [
    -0.9521297763812459,
    0.03418655832893139,
    0.3037765102140414,
    9.999999974752427e-07
   ],
   [
    0.0,
    0.0,
    0.0,
    1.0
   ]
  ],
  [
   [
    0.980066577249161,
    0.19866933371588727,
    -1.8105764410750487e-17,
    11.139762878417969
   ],
   [
    -0.19866933371588724,
    0.9800665772491608,
    1.069939896994812e-23,
    1.1102230246251565e-16
   ],
   [
    -6.307126760620132e-18,
    1.9346975283074233e-18,
    0.9999999999999999,
    1.7763568394002505e-15
   ],
   [
    0.0,
    0.0,
    0.0,
    1.0
   ]
  ],
  [
   [
    0.9975665027884901,
    5.551734979581303e-05,
    0.06972136998198912,
    10.314597129821777
   ],
   [
    -0.06972139208551092,
    0.00079433652747441,
    0.9975661865335752,
    9.999999956988859e-07
   ],
   [
    -2.1526053844985876e-17,
    -0.9999996829736024,
    0.0007962742586624602,
    -1.7763568394002505e-15
   ],
   [
    0.0,
    0.0,
    0.0,
    1.0
   ]
  ],
  [
   [
    0.8692694314074583,
    -0.20731258662570107,
    0.44876736406195533,
    1.646738052368164
   ],
   [
    0.24736197541210975,
    0.9684017834284457,
    -0.03178111031453762,
    0.4495489895343816
   ],
   [
    -0.42799849151693636,
    0.13863432936746645,
    0.8930833186103408,
    -1.702245950698856
   ],
   [
    0.0,
    0.0,
    0.0,
    1.0
   ]
  ],
  [
   [
    1.0,
    1.4472319619974338e-17,
    1.2102278022737383e-17,
    0.9283120036125183
   ],
   [
    -1.544982163864402e-17,
    0.9999999999999999,
    8.523192436878584e-18,
    1.7763568394002505e-15
   ],
   [
    -5.3055298867158936e-17,
    1.1915478109637759e-17,
    1.0,
    -1.9999999913977717e-06
   ],
   [
    0.0,
    0.0,
    0.0,
    1.0
   ]
  ],
  [
   [
    1.0,
    1.4472319619974338e-17,
    1.2102278022737383e-17,
    0.9283139705657995
   ],
   [
    -1.544982163864402e-17,
    0.9999999999999999,
    8.523192436878584e-18,
    -1.7763568394002505e-15
   ],
   [
    -5.3055298867158936e-17,
    1.1915478109637759e-17,
    1.0,
    9.999999974752427e-07
   ],
   [
    0.0,
    0.0,
    0.0,
    1.0
   ]
  ],
  [
   [
    0.9990491903854066,
    -2.530416371041838e-07,
    -0.04359719245776965,
    2.975833892822269
   ],
   [
    3.496672261170838e-05,
    0.9999996829991482,
    0.0007954740294883115,
    -0.3863070011138898
   ],
   [
    0.04359717843613465,
    -0.0007962421360682312,
    0.99904887369481,
    -0.044142998754979956
   ],
   [
    0.0,
    0.0,
    0.0,
    1.0
   ]
  ],
  [
   [
    0.9511057166953668,
    -0.30886553007642814,
    -8.796131188750481e-18,
    1.4388860464095998
   ],
   [
    0.3088655300764282,
    0.9511057166953666,
    -3.476573336826761e-18,
    0.0
   ],
   [
    -2.0801955532351787e-17,
    6.261235744062082e-19,
    1.0,
    -1.7763568394002505e-15
   ],
   [
    0.0,
    0.0,
    0.0,
    1.0
   ]
  ],
  [
   [
    0.9945274083465605,
    -0.10447599747058621,
    -1.6806332588856772e-17,
    1.4853030443191528
   ],
   [
    0.10447599747058622,
    0.9945274083465604,
    -1.5882980225439395e-18,
    -1.7763568394002505e-15
   ],
   [
    5.944583190949743e-17,
    -4.547982763639953e-18,
    1.0,
    -1.7763568394002505e-15
   ],
   [
    0.0,
    0.0,
    0.0,
    1.0
   ]
  ],
  [
   [
    -0.1769653209874715,
    -0.45448752097787365,
    -0.8729973473288382,
    -2.8698980808258128
   ],
   [
    0.09029557220579425,
    -0.8907531045518259,
    0.4454274535446955,
    1.3996629714965785
   ],
   [
    -0.9800663165356871,
    -2.5827180288595653e-06,
    0.19867061983469067,
    -4.1403961181640625
   ],
   [
    0.0,
    0.0,
    0.0,
    1.0
   ]
  ],
  [
   [
    0.2953995849606236,
    -0.00692925885175319,
    -0.9553486644031367,
    4.972047805786131
   ],
   [
    0.03470744787375158,
    0.9993914455558591,
    0.003483046347841236,
    4.440892098500626e-16
   ],
   [
    0.9547431477979732,
    -0.034186604416580973,
    0.2954603151207993,
    9.999999974752427e-07
   ],
   [
    0.0,
    0.0,
    0.0,
    1.0
   ]
  ],
  [
   [
    0.9800665772491609,
    0.19866933371588721,
    1.0602494926597657e-17,
    11.58535480499269
   ],
   [
    -0.19866933371588727,
    0.980066577249161,
    4.365008495633462e-22,
    0.0
   ],
   [
    -1.2736435709613208e-17,
    -2.467322275691902e-18,
    0.9999999999999999,
    0.0
   ],
   [
    0.0,
    0.0,
    0.0,
    1.0
   ]
  ],
  [
   [
    0.99756650278849,
    7.281344410777698e-05,
    -0.06972135406418832,
    10.127057075500488
   ],
   [
    -0.06972139208551098,
    0.0010418072649134918,
    -0.9975659587833186,
    -1.7763568394002505e-15
   ],
   [
    -4.1819423413252844e-18,
    0.9999994546677637,
    0.0010443486845251241,
    9.999999974752427e-07
   ],
   [
    0.0,
    0.0,
    0.0,
    1.0
   ]
  ],
  [
   [
    0.8303642765299946,
    -0.3264998054924959,
    -0.4515451752329781,
    1.5336719751358032
   ],
   [
    0.38655002137701266,
    0.9211815850617884,
    0.04476123676220373,
    0.1097149997949618
   ],
   [
    0.40134056515165484,
    -0.2117129291196298,
    0.8911247872253003,
    1.6644910573959333
   ],
   [
    0.0,
    0.0,
    0.0,
    1.0
   ]
  ],
  [
   [
    1.0,
    -7.249290628053232e-17,
    5.153168237212752e-17,
    0.9283130168914795
   ],
   [
    -9.856116168186876e-19,
    0.9999999999999999,
    4.1727591359946717e-17,
    2.6645352591003757e-15
   ],
   [
    3.6213974742552014e-17,
    -2.7346137138593886e-17,
    1.0,
    -3.552713678800501e-15
   ],
   [
    0.0,
    0.0,
    0.0,
    1.0
   ]
  ],
  [
   [
    1.0,
    -7.249290628053232e-17,
    5.153168237212752e-17,
    0.9283139705657959
   ],
   [
    -9.856116168186876e-19,
    0.9999999999999999,
    4.1727591359946717e-17,
    1.7763568394002505e-15
   ],
   [
    3.6213974742552014e-17,
    -2.7346137138593886e-17,
    1.0,
    9.99999993922529e-07
   ],
   [
    0.0,
    0.0,
    0.0,
    1.0
   ]
  ],
  [
   [
    0.99904918994033,
    -4.409309789987707e-07,
    0.04359720265539886,
    2.683749914169308
   ],
   [
    4.595626378943473e-05,
    0.9999994550252235,
    -0.0010429943804468708,
    -0.42733800411224365
   ],
   [
    -0.043597178436134545,
    0.0010440062554434716,
    0.9990486455039844,
    0.04420499876141548
   ],
   [
    0.0,
    0.0,
    0.0,
    1.0
   ]
  ],
  [
   [
    0.9455731110641556,
    -0.32540972885341635,
    1.3685234647285358e-17,
    1.4388849735259939
   ],
   [
    0.3254097288534163,
    0.9455731110641556,
    -2.7242958958941117e-19,
    -9.999999974752427e-07
   ],
   [
    2.905403062196203e-17,
    -1.3483803414165239e-17,
    1.0,
    1.7763568394002505e-15
   ],
   [
    0.0,
    0.0,
    0.0,
    1.0
   ]
  ],
  [
   [
    0.9999999999999999,
    -6.749138589630815e-18,
    4.8916041805169274e-17,
    1.4853049516677856
   ],
   [
    8.418159567144066e-19,
    0.9999999999999999,
    -1.9952366624932272e-17,
    9.999999965870643e-07
   ],
   [
    2.7035699546430964e-18,
    -7.345991722068266e-18,
    1.0,
    1.7763568394002505e-15
   ],
   [
    0.0,
    0.0,
    0.0,
    1.0
   ]
  ],
  [
   [
    0.9875757072277155,
    0.15714395468384149,
    1.4192175466739539e-22,
    2.046984910964966
   ],
   [
    -0.15714395468384149,
    0.9875757072277156,
    -1.190667945943409e-22,
    -2.0000000020559128e-06
   ],
   [
    5.9576701582134195e-22,
    -8.240229844730348e-23,
    1.0,
    -2.7755575615628914e-17
   ],
   [
    0.0,
    0.0,
    0.0,
    1.0
   ]
  ],
  [
   [
    -0.27549985469976773,
    0.9613011131065734,
    6.858012566754145e-07,
    1.0386300086975169
   ],
   [
    -0.961301113106298,
    -0.27549985469880633,
    -1.2368009646833748e-06,
    0.5480430126190186
   ],
   [
    -9.999999974750763e-07,
    -9.999999974745765e-07,
    0.999999999999,
    -0.14401699602603912
   ],
   [
    0.0,
    0.0,
    0.0,
    1.0
   ]
  ],
  [
   [
    1.0,
    -4.396272257412727e-25,
    -5.986453454871525e-24,
    -0.06400299817323685
   ],
   [
    2.5589906904302994e-23,
    1.0,
    3.298078797804116e-22,
    -0.023521000519394875
   ],
   [
    -1.2938760262410644e-24,
    2.88703900080448e-23,
    1.0,
    0.02616100013256073
   ],
   [
    0.0,
    0.0,
    0.0,
    1.0
   ]
  ]
 ],
 "target_height": 188.03432649374008,
 "up_axis": 2,
 "foot": 0.2298489212989807,
 "center": [
  0.31185150146484375,
  -2.0811076164245605,
  94.24701216816902
 ]
}