{
 "format": 3,
 "skeleton": "Bip01/22bones",
 "source": "hl_einstein_v1sc.psk",
 "learned": "2026-07-02",
 "status": "active",
 "bones": [
  "Bip01",
  "Bip01 Pelvis",
  "Bip01 L Leg",
  "Bip01 L Leg1",
  "Bip01 L Foot",
  "Bip01 R Leg",
  "Bip01 R Leg1",
  "Bip01 R Foot",
  "Bip01 Spine",
  "Bip01 Spine1",
  "Bip01 Spine2",
  "Bip01 Spine3",
  "Bip01 Neck",
  "Bip01 L Arm",
  "Bip01 L Arm1",
  "Bip01 L Arm2",
  "Bip01 L Hand",
  "Bip01 R Arm",
  "Bip01 R Arm1",
  "Bip01 R Arm2",
  "Bip01 R Hand",
  "Bip01 Head"
 ],
 "parent": [
  -1,
  0,
  1,
  2,
  3,
  1,
  5,
  6,
  1,
  8,
  9,
  10,
  11,
  12,
  13,
  14,
  15,
  12,
  17,
  18,
  19,
  12
 ],
 "pose_local": [
  [
   [
    -1.524521420215308e-08,
    2.5904723695227147e-06,
    0.999999999996645,
    0.0
   ],
   [
    -5.025051335311567e-07,
    -0.9999999999965186,
    2.590472362088185e-06,
    0.0
   ],
   [
    0.9999999999998739,
    -5.025050940371658e-07,
    1.5246515383486793e-08,
    0.0
   ],
   [
    0.0,
    0.0,
    0.0,
    1.0
   ]
  ],
  [
   [
    3.139164788112936e-07,
    2.9647345105493016e-16,
    0.9999999999999507,
    1.6056306976540396e-05
   ],
   [
    0.9999999999991473,
    1.2675907949908352e-06,
    -3.1391647863510433e-07,
    39.526115231462455
   ],
   [
    -1.2675907949954371e-06,
    0.9999999999991965,
    3.978515589506435e-13,
    -6.911192045515155e-05
   ],
   [
    0.0,
    0.0,
    0.0,
    1.0
   ]
  ],
  [
   [
    0.9999999999999662,
    -2.2113087906732849e-07,
    -1.3787264017927913e-07,
    -4.458060184120427e-06
   ],
   [
    2.2113091046338252e-07,
    0.9999999999999498,
    2.2771782454221782e-07,
    -1.5835230340807693e-06
   ],
   [
    1.3787258982382946e-07,
    -2.277178551024031e-07,
    0.9999999999999646,
    1.4460622583811755e-06
   ],
   [
    0.0,
    0.0,
    0.0,
    1.0
   ]
  ],
  [
   [
    0.9999999999999993,
    -3.6541121147416435e-08,
    1.5118756507889425e-08,
    4.836245857120502e-07
   ],
   [
    3.654112084436316e-08,
    0.9999999999999987,
    2.004485542367371e-08,
    -3.623006370467863e-07
   ],
   [
    -1.5118757240350903e-08,
    -2.004485481988349e-08,
    0.9999999999999997,
    -2.1320946439473687e-06
   ],
   [
    0.0,
    0.0,
    0.0,
    1.0
   ]
  ],
  [
   [
    0.9999999999998805,
    1.9171526844215817e-07,
    4.502580646170492e-07,
    1.7186472369701278e-06
   ],
   [
    -1.9171522340900337e-07,
    0.9999999999999766,
    -1.000163612900458e-07,
    -1.0540701111949602e-07
   ],
   [
    -4.502580837917022e-07,
    1.0001627496430956e-07,
    0.9999999999998936,
    2.4423632296599607e-06
   ],
   [
    0.0,
    0.0,
    0.0,
    1.0
   ]
  ],
  [
   [
    0.9999999999999933,
    4.0028257253460394e-08,
    1.1134015404694331e-07,
    -4.980917225727577e-06
   ],
   [
    -4.002820620560996e-08,
    0.9999999999998939,
    -4.584855027003065e-07,
    1.331966375198862e-06
   ],
   [
    -1.1134017239930718e-07,
    4.584854982167137e-07,
    0.9999999999998886,
    3.960390161594773e-06
   ],
   [
    0.0,
    0.0,
    0.0,
    1.0
   ]
  ],
  [
   [
    0.9999999999999891,
    -1.3257050938462755e-07,
    -6.718834060260294e-08,
    -2.5176801194959353e-06
   ],
   [
    1.3257052377139065e-07,
    0.999999999999968,
    2.1412592747345377e-07,
    3.0092135903103667e-06
   ],
   [
    6.718831221581752e-08,
    -2.1412593647154015e-07,
    0.9999999999999748,
    1.4876946892172782e-06
   ],
   [
    0.0,
    0.0,
    0.0,
    1.0
   ]
  ],
  [
   [
    0.9999999999998983,
    7.074200774776804e-08,
    4.4487464407909964e-07,
    -2.8570753691781192e-06
   ],
   [
    -7.074198289483418e-08,
    0.9999999999999956,
    -5.5865042325195593e-08,
    -1.3665096210146999e-07
   ],
   [
    -4.448746480311031e-07,
    5.586501077112127e-08,
    0.9999999999998994,
    2.31731152744441e-06
   ],
   [
    0.0,
    0.0,
    0.0,
    1.0
   ]
  ],
  [
   [
    0.9999999999997276,
    6.948218501991105e-07,
    2.491754419696801e-07,
    8.351225757596836e-07
   ],
   [
    -6.948218626574638e-07,
    0.9999999999997574,
    4.99982365621637e-08,
    1.3527167752602764e-07
   ],
   [
    -2.491754072297524e-07,
    -4.999840969947747e-08,
    0.9999999999999676,
    -2.2091973228841455e-06
   ],
   [
    0.0,
    0.0,
    0.0,
    1.0
   ]
  ],
  [
   [
    0.9999999999996994,
    -4.4398357877270394e-07,
    -6.35629216264821e-07,
    -1.5921360496662373e-07
   ],
   [
    4.439835040774438e-07,
    0.9999999999998949,
    -1.1751402338215945e-07,
    2.8750745654781973e-06
   ],
   [
    6.356292684390507e-07,
    1.1751374115646724e-07,
    0.9999999999997911,
    -1.2813547830500149e-06
   ],
   [
    0.0,
    0.0,
    0.0,
    1.0
   ]
  ],
  [
   [
    0.9999999999953268,
    3.047455147982869e-06,
    2.436116871781421e-07,
    1.4473785386215354e-05
   ],
   [
    -3.0474552020675305e-06,
    0.9999999999953318,
    2.2201170587454342e-07,
    2.602479787061629e-06
   ],
   [
    -2.4361101060628893e-07,
    -2.2201244826865762e-07,
    0.9999999999999457,
    -3.120020716419842e-07
   ],
   [
    0.0,
    0.0,
    0.0,
    1.0
   ]
  ],
  [
   [
    0.9999999999949731,
    -3.1402837238161838e-06,
    4.388303192336156e-07,
    -5.7038914595963774e-06
   ],
   [
    3.1402836064260625e-06,
    0.9999999999950335,
    2.675072933025443e-07,
    1.397458517510275e-05
   ],
   [
    -4.3883115928023533e-07,
    -2.675059152399254e-07,
    0.999999999999868,
    5.815953789302527e-07
   ],
   [
    0.0,
    0.0,
    0.0,
    1.0
   ]
  ],
  [
   [
    1.0,
    -1.2800746241778072e-16,
    -5.520227986952012e-22,
    -1.2434497875801753e-14
   ],
   [
    1.2800746241778067e-16,
    1.0000000000000002,
    -2.3476489339686914e-21,
    6.217248937900877e-15
   ],
   [
    5.520227986952012e-22,
    4.428614643733315e-21,
    1.0,
    1.3552527156068805e-20
   ],
   [
    0.0,
    0.0,
    0.0,
    1.0
   ]
  ],
  [
   [
    0.9999999999999227,
    -1.0963986908069521e-08,
    -3.928050723714756e-07,
    1.8684897131748812e-06
   ],
   [
    1.0964117101712858e-08,
    0.9999999999999449,
    3.3144593160814443e-07,
    1.7249087902737603e-06
   ],
   [
    3.9280506873748515e-07,
    -3.314459358642618e-07,
    0.999999999999868,
    -1.2381543011308338e-05
   ],
   [
    0.0,
    0.0,
    0.0,
    1.0
   ]
  ],
  [
   [
    0.19099804235383733,
    0.009452618943366803,
    -0.9815449025959601,
    -6.40200399737445e-06
   ],
   [
    -0.00012014533117295982,
    0.99995384906093,
    0.009606524518782534,
    9.469112890875264e-07
   ],
   [
    0.9815904101926124,
    -0.0017168993395280416,
    0.1909903633028557,
    8.928706658473118e-06
   ],
   [
    0.0,
    0.0,
    0.0,
    1.0
   ]
  ],
  [
   [
    0.9999999999994809,
    -7.422046445563135e-07,
    -6.981420631868349e-07,
    1.6878389228480728e-06
   ],
   [
    7.422040459436844e-07,
    0.9999999999993568,
    -8.574365717962824e-07,
    -3.820152767453067e-06
   ],
   [
    6.98142699579792e-07,
    8.574360535164711e-07,
    0.9999999999993886,
    2.805708660957862e-06
   ],
   [
    0.0,
    0.0,
    0.0,
    1.0
   ]
  ],
  [
   [
    0.9999999999994,
    -4.2729504661220805e-08,
    1.0943491960947379e-06,
    -5.426729909885353e-07
   ],
   [
    4.2726483356033246e-08,
    0.9999999999961883,
    2.7608235669303747e-06,
    2.033477597902225e-06
   ],
   [
    -1.0943493140591896e-06,
    -2.7608235194860933e-06,
    0.9999999999955904,
    1.8726549089187472e-07
   ],
   [
    0.0,
    0.0,
    0.0,
    1.0
   ]
  ],
  [
   [
    0.9999999999951314,
    1.516621123018041e-06,
    -2.727004342040205e-06,
    -4.767546927908484e-06
   ],
   [
    -1.5166249153362794e-06,
    0.9999999999978832,
    -1.390652008551533e-06,
    -4.796612027846425e-06
   ],
   [
    2.7270022329422208e-06,
    1.3906561444782145e-06,
    0.9999999999953149,
    4.049324954014111e-06
   ],
   [
    0.0,
    0.0,
    0.0,
    1.0
   ]
  ],
  [
   [
    0.19475969383219205,
    0.009362100636043714,
    0.9808063074481483,
    -1.2229763736160137e-05
   ],
   [
    0.000170372581975596,
    0.9999541086542042,
    -0.009578703396588702,
    9.332900165956448e-06
   ],
   [
    -0.9808509737118958,
    0.002032647843846815,
    0.19474916100247716,
    -1.4431753275978565e-05
   ],
   [
    0.0,
    0.0,
    0.0,
    1.0
   ]
  ],
  [
   [
    0.999999999999976,
    -1.4407547528742546e-07,
    1.6586332834927934e-07,
    1.7047379417434172e-05
   ],
   [
    1.4407564767709759e-07,
    0.9999999999994494,
    -1.0393481770940426e-06,
    3.3827145484721655e-06
   ],
   [
    -1.6586317860460544e-07,
    1.0393482009392622e-06,
    0.9999999999994461,
    -5.761850800922726e-07
   ],
   [
    0.0,
    0.0,
    0.0,
    1.0
   ]
  ],
  [
   [
    0.9999999999996478,
    5.882525476935806e-07,
    5.985863684803479e-07,
    1.4163112673770684e-06
   ],
   [
    -5.882527858396354e-07,
    0.9999999999997481,
    3.9784734267506157e-07,
    -7.142459147115206e-07
   ],
   [
    -5.985861344454841e-07,
    -3.9784769480214087e-07,
    0.9999999999997417,
    1.310283310518301e-06
   ],
   [
    0.0,
    0.0,
    0.0,
    1.0
   ]
  ],
  [
   [
    0.9999999999998965,
    1.0182539596370123e-07,
    -4.4366399912631463e-07,
    4.081654597420936e-06
   ],
   [
    -1.01825519750219e-07,
    0.9999999999999559,
    -2.790095927736628e-07,
    6.889254201003503e-07
   ],
   [
    4.436639707160328e-07,
    2.7900963794641036e-07,
    0.9999999999998627,
    2.6368723126035995e-06
   ],
   [
    0.0,
    0.0,
    0.0,
    1.0
   ]
  ]
 ],
 "rest_local": [
  [
   [
    1.267590794995499e-06,
    0.9999999999991966,
    0.0,
    0.0
   ],
   [
    -0.9999999999991966,
    1.267590794995499e-06,
    -0.0,
    0.0
   ],
   [
    -0.0,
    0.0,
    1.0,
    39.526119232177734
   ],
   [
    0.0,
    0.0,
    0.0,
    1.0
   ]
  ],
  [
   [
    3.1391647870027123e-07,
    0.9999999999991472,
    -1.2675907949954988e-06,
    0.0
   ],
   [
    1.110223024625627e-16,
    1.2675907949954992e-06,
    0.9999999999991966,
    0.0
   ],
   [
    0.9999999999999507,
    -3.1391647864476013e-07,
    3.977929097231936e-13,
    0.0
   ],
   [
    0.0,
    0.0,
    0.0,
    1.0
   ]
  ],
  [
   [
    -0.9992329792734411,
    0.01605144035066087,
    -0.03571840414956864,
    -3.999999989900971e-06
   ],
   [
    0.01623996444709506,
    0.9998556503599433,
    -0.004994196437072791,
    7.000000096013535e-06
   ],
   [
    0.03563308416457709,
    -0.005570431398389017,
    -0.9993494151731697,
    3.713254928588867
   ],
   [
    0.0,
    0.0,
    0.0,
    1.0
   ]
  ],
  [
   [
    0.9938573377658682,
    0.11066884009937404,
    -1.37193530114269e-17,
    18.045724868774414
   ],
   [
    -0.11066884009937407,
    0.9938573377658683,
    -2.276648821800668e-19,
    0.0
   ],
   [
    2.8758629350518366e-20,
    3.7209741210514567e-19,
    1.0,
    -1.7763568394002505e-15
   ],
   [
    0.0,
    0.0,
    0.0,
    1.0
   ]
  ],
  [
   [
    0.9948713158043881,
    -0.0917873810148528,
    -0.042498725581829926,
    17.59760093688965
   ],
   [
    0.09463148550024245,
    0.9930051322814827,
    0.07060941307398427,
    0.0
   ],
   [
    0.035720399517122525,
    -0.07426899722676605,
    0.9965982987690015,
    8.881784197001252e-16
   ],
   [
    0.0,
    0.0,
    0.0,
    1.0
   ]
  ],
  [
   [
    -0.9992328688405636,
    0.01605153026127951,
    0.03572145300694401,
    3.999999989900971e-06
   ],
   [
    0.016239962652292408,
    0.9998556656197232,
    0.004991146280425671,
    -3.0000001061125692e-06
   ],
   [
    -0.03563618163760294,
    0.005567432479311042,
    -0.9993493214356426,
    -3.7132549285888667
   ],
   [
    0.0,
    0.0,
    0.0,
    1.0
   ]
  ],
  [
   [
    0.993857337765868,
    0.11066884009937404,
    5.434622658493745e-18,
    18.045726776123043
   ],
   [
    -0.11066884009937407,
    0.9938573377658685,
    -7.384926014343203e-19,
    1.1102230246251565e-16
   ],
   [
    -1.2046028359047288e-18,
    1.2800186690967881e-18,
    1.0,
    0.0
   ],
   [
    0.0,
    0.0,
    0.0,
    1.0
   ]
  ],
  [
   [
    0.9948713158043883,
    -0.09178738101485281,
    0.04249872558182993,
    17.59760093688965
   ],
   [
    0.09463148550024247,
    0.9930051322814827,
    -0.07060941307398427,
    -2.220446049250313e-16
   ],
   [
    -0.035720399517122525,
    0.07426899722676604,
    0.9965982987690016,
    -8.881784197001252e-16
   ],
   [
    0.0,
    0.0,
    0.0,
    1.0
   ]
  ],
  [
   [
    0.9934879731662284,
    -0.11393703160939053,
    -1.4492360959555307e-06,
    1.2936710119247437
   ],
   [
    0.11393703161421902,
    0.993487973159233,
    3.860014851297358e-06,
    0.6844779849052429
   ],
   [
    9.999999974750758e-07,
    -3.999999989888305e-06,
    0.9999999999915,
    -9.999999974752431e-07
   ],
   [
    0.0,
    0.0,
    0.0,
    1.0
   ]
  ],
  [
   [
    0.9975665027884898,
    0.06972139208551094,
    7.665041227525502e-23,
    5.309685230255127
   ],
   [
    -0.06972139208551094,
    0.9975665027884899,
    2.665005092761459e-23,
    -0.003834000090137124
   ],
   [
    -1.9715971404116085e-23,
    1.2578283951639142e-22,
    1.0,
    -6.776263578034403e-21
   ],
   [
    0.0,
    0.0,
    0.0,
    1.0
   ]
  ],
  [
   [
    0.9954009038249746,
    0.09579687189268467,
    3.1304783802212636e-22,
    4.826789855957031
   ],
   [
    -0.09579687189268467,
    0.9954009038249747,
    -1.5816517645858942e-22,
    -0.00459099980071187
   ],
   [
    -9.531804817871767e-23,
    4.746373342902361e-24,
    1.0,
    -6.776263578034403e-21
   ],
   [
    0.0,
    0.0,
    0.0,
    1.0
   ]
  ],
  [
   [
    0.9998478572961953,
    -0.01744311498003035,
    4.25689760282712e-22,
    5.7927632331848145
   ],
   [
    0.017443114980030344,
    0.9998478572961955,
    2.4870512548585058e-24,
    -0.005303999874740839
   ],
   [
    -1.427698052793218e-23,
    -1.0849938863503747e-22,
    1.0,
    -1.3552527156068805e-20
   ],
   [
    0.0,
    0.0,
    0.0,
    1.0
   ]
  ],
  [
   [
    0.8911149625840302,
    -0.4537776145405017,
    -8.911149603344782e-07,
    6.662319183349609
   ],
   [
    0.4537776145402747,
    0.8911149625844758,
    -4.5377761339474774e-07,
    -0.0014530000044032931
   ],
   [
    9.999999974750758e-07,
    3.1272357514924635e-23,
    0.9999999999995001,
    -2.0328790734103208e-20
   ],
   [
    0.0,
    0.0,
    0.0,
    1.0
   ]
  ],
  [
   [
    -0.17696506574268067,
    -0.4544870703516257,
    0.8729976336679762,
    -3.112030029296875
   ],
   [
    0.0902896458223269,
    -0.8907533344739875,
    -0.4454281950895707,
    1.5172560214996302
   ],
   [
    0.9800669086159212,
    -2.582680058177411e-06,
    0.19866769900857556,
    4.3419108390808105
   ],
   [
    0.0,
    0.0,
    0.0,
    1.0
   ]
  ],
  [
   [
    0.3262357740156815,
    -0.013419874283960135,
    0.9451931690012322,
    4.8272299766540545
   ],
   [
    0.04034019862699081,
    0.9991859682934265,
    0.0002629453596609261,
    4.440892098500626e-16
   ],
   [
    -0.9444272804864989,
    0.03804349799545178,
    0.3265115681459785,
    -7.105427357601002e-15
   ],
   [
    0.0,
    0.0,
    0.0,
    1.0
   ]
  ],
  [
   [
    0.9818198213281701,
    0.1898152745358499,
    1.3207863513495913e-18,
    11.139762878417969
   ],
   [
    -0.18981527453584984,
    0.98181982132817,
    -4.708553350077758e-19,
    1.1102230246251565e-16
   ],
   [
    -1.953579451736532e-17,
    6.649671307502529e-19,
    1.0,
    0.0
   ],
   [
    0.0,
    0.0,
    0.0,
    1.0
   ]
  ],
  [
   [
    0.9878369160839138,
    -0.00012381546805841832,
    -0.15549344645853203,
    10.240188598632805
   ],
   [
    0.15549349575407487,
    0.0007865891080343858,
    0.9878366029135348,
    9.999999974752427e-07
   ],
   [
    4.8861497802319844e-17,
    -0.9999996829736022,
    0.0007962742586627162,
    0.0
   ],
   [
    0.0,
    0.0,
    0.0,
    1.0
   ]
  ],
  [
   [
    -0.1769653209874715,
    -0.45448752097787365,
    -0.8729973473288382,
    -3.112030029296875
   ],
   [
    0.09029557220579425,
    -0.8907531045518259,
    0.4454274535446955,
    1.5172920227050781
   ],
   [
    -0.9800663165356871,
    -2.5827180288595653e-06,
    0.19867061983469067,
    -4.341905117034912
   ],
   [
    0.0,
    0.0,
    0.0,
    1.0
   ]
  ],
  [
   [
    0.3561782207743974,
    -0.013419916938547159,
    -0.9343216688460927,
    4.827230930328367
   ],
   [
    0.04032797601889811,
    0.9991859735290819,
    0.0010220826582149547,
    0.0
   ],
   [
    0.9335473900109218,
    -0.038043345437849437,
    0.3564294803627958,
    0.0
   ],
   [
    0.0,
    0.0,
    0.0,
    1.0
   ]
  ],
  [
   [
    0.9802030300853284,
    0.1979949994609492,
    3.457974616512004e-17,
    11.139766693115227
   ],
   [
    -0.1979949994609492,
    0.9802030300853282,
    6.945844117371292e-19,
    0.0
   ],
   [
    -2.1350789011330575e-17,
    -2.6896319728258955e-18,
    1.0000000000000002,
    0.0
   ],
   [
    0.0,
    0.0,
    0.0,
    1.0
   ]
  ],
  [
   [
    0.987836916083914,
    -0.00012381546805841214,
    0.15549344645853205,
    10.240184783935547
   ],
   [
    0.15549349575407487,
    0.0007865891080343776,
    -0.9878366029135348,
    0.0
   ],
   [
    -6.724142934140074e-17,
    0.9999996829736022,
    0.0007962742586627122,
    -3.552713678800501e-15
   ],
   [
    0.0,
    0.0,
    0.0,
    1.0
   ]
  ],
  [
   [
    0.9875757072277155,
    0.15714395468384149,
    1.4192175466739539e-22,
    2.0469861030578613
   ],
   [
    -0.15714395468384149,
    0.9875757072277156,
    -1.190667945943409e-22,
    1.9999999913977717e-06
   ],
   [
    5.9576701582134195e-22,
    -8.240229844730348e-23,
    1.0,
    -1.3552527156068805e-20
   ],
   [
    0.0,
    0.0,
    0.0,
    1.0
   ]
  ]
 ],
 "target_height": 189.93634873628616,
 "up_axis": 2,
 "foot": -0.29178696870803833,
 "center": [
  0.29747772216796875,
  -2.6934103965759277,
  94.67638739943504
 ]
}